84

102 100 27 36 0 12
86 1 38
97 2 107
86 13 3 16
102 100 73 88 4 1
115 88 4 24
83 71 70 78 5 8
23 6 30
82 7 22
83 8 43
128 9 83
23 12 22 10 6
128 22 10 23
17 112 127 11 10
54 127 11 8
104 0 2 12 27
83 71 84 13 8
102 100 73 91 8 121 14 2
115 110 121 14 3
124 114 1 8 121 14 3
124 15 80
115 110 119 16 9
17 11 19 17 11
102 100 27 11 19 17 6
128 10 20 11 19 17 1
147 31 18 20
102 19 43
139 137 101 107 67 20 17
124 114 1 6 21 4
139 138 6 21 13
139 154 22 14
54 34 55 150 23 1
104 0 45 55 150 23 14
54 24 75
146 70 77 25 15
153 117 77 25 3
65 136 145 26 3
146 136 145 26 2
129 50 45 51 27 13
146 28 22
89 29 39
56 30 118
97 57 63 31 3
129 50 45 48 63 31 7
139 137 149 32 21
129 50 45 52 151 33 17
139 138 151 33 4
146 136 138 151 33 3
124 114 1 28 40 34 8
153 35 67
17 11 21 36 8
102 100 61 47 62 157 37 9
139 157 37 8
95 98 38 14
23 12 24 39 11
83 71 24 39 19
102 100 27 144 40 11
146 136 144 40 9
139 29 41 9
95 44 42 20
83 71 74 93 43 2
126 71 74 93 43 3
58 44 37
130 45 60
83 71 74 94 46 13
115 47 45
69 48 63
96 49 70
126 50 74
86 72 87 51 17
105 52 8
95 53 33
129 54 22
139 159 55 20
30 56 30
147 57 46
105 7 58 29
65 59 59
54 34 60 40
83 34 60 16
139 138 76 61 21
146 70 76 61 5
104 62 48
17 63 76
